   1.0000000e+00   1.5809224e-01   7.6026800e-01   2.4677907e-01  -6.5407728e-01   1.0331416e-01   6.6018212e-01   6.4100258e-01  -7.6077629e-01  -1.8823752e+00  -3.0340105e-01
   1.0000000e+00   5.5706976e-01   1.2528027e+00   6.4447410e-02   7.6441122e-01  -1.4464477e+00   2.0983977e-01   5.7210229e-01  -1.5746251e-02   4.5850494e-01   2.9273932e-01
   2.0000000e+00  -2.0770698e+00  -7.7238332e-02   3.9013028e-01   8.3843717e-01   1.4728072e+00   9.4039742e-01  -3.4015778e-01  -1.0591440e-01  -7.5472813e-01  -1.4043910e+00
   2.0000000e+00   8.6945896e-02   5.8456002e-01   1.3012959e+00  -9.6948406e-01   1.5535367e+00   2.4306475e-01  -8.0215399e-01  -1.7604176e-01  -1.5179536e+00  -4.7536058e-01
   1.0000000e+00  -4.4985507e-01   1.4495310e+00   2.8474580e-04   7.0313201e-01   9.1441823e-02   4.3057573e-01  -1.5940181e+00   4.6247898e-01  -1.3284176e+00   2.3871820e-01
   2.0000000e+00  -4.4805412e-01   1.2674822e+00  -2.6884874e-01   1.2752699e+00   8.1627023e-01  -1.3281134e+00   1.0696385e+00   5.7669370e-01   1.0961405e+00   2.3514913e-01
   2.0000000e+00  -5.4022587e-01  -5.7106523e-01   2.8154238e-01  -1.8931539e+00   2.9952435e-01   1.2257058e+00  -1.0622781e+00   1.5547533e+00   2.8467224e+00  -1.1780452e+00
   2.0000000e+00   6.7964655e-02  -1.2066399e+00   1.2700234e+00  -2.3102683e+00  -4.1008802e-01  -1.6498440e+00   1.2193108e+00   2.0054351e-01  -4.0571964e-01   9.2526535e-01
   2.0000000e+00   1.4436751e-02   3.8401348e-01  -3.2129784e-01   8.4673342e-01   1.0426560e-01  -4.2515571e-01   3.2500936e-01  -8.4580301e-01  -5.7447819e-01   2.3693268e+00
   1.0000000e+00  -4.9274080e-01   8.0256581e-01   3.7332345e-01   1.7095320e-01   6.2194406e-02  -3.2442624e-01   6.9137795e-01  -8.6361187e-01  -4.7479546e-01  -8.1237568e-01
   2.0000000e+00   5.4266029e-01   2.8948552e-01  -6.5585426e-01   6.6859879e-01   3.2267930e-01   4.7399382e-01  -8.2305494e-01   3.1833291e-01  -5.3344695e-01  -1.7869925e+00
   2.0000000e+00   6.2557813e-01  -1.7547643e+00  -4.3007324e-01   1.2214682e+00   4.9370817e-01  -1.2687958e+00  -2.5844589e-02  -5.0843894e-02  -5.5127235e-01  -1.1113974e+00
   2.0000000e+00   1.2367873e-01   4.1674501e-01  -9.1678371e-02   4.1461550e-01   2.0824653e+00   3.7535139e-02   3.0739618e-01   4.3817874e-01   4.4274634e-01   6.6303522e-01
   2.0000000e+00   1.4330652e+00   1.2680610e+00   7.5686031e-01  -1.6605597e+00   7.8789255e-01  -1.3788360e+00  -1.6849455e+00  -1.9299819e+00   1.0595853e+00   2.5569097e-01
   2.0000000e+00  -8.1300231e-01   6.5391646e-01  -1.2592728e+00   1.1162839e+00  -1.1196454e+00   8.7177104e-01   5.8697672e-01  -2.3610407e-01   1.0708712e-01   5.4669946e-01
   2.0000000e+00   5.2426951e-02   7.8647270e-01   1.0995298e+00   2.8304771e-01   6.6838187e-01  -1.1931248e+00  -4.2298482e-01   1.5426399e-01   4.5592944e-01  -3.3504731e-01
   2.0000000e+00   8.2908120e-01   1.6805974e+00   2.1955137e+00   3.7580654e-01   8.9669173e-01   3.7971152e-01  -4.1377584e-01  -7.1165834e-01  -9.9795403e-01  -2.3075653e+00
   2.0000000e+00  -1.1868514e+00   2.0484490e+00   8.7832061e-01   1.0954466e+00  -1.3584416e+00  -7.8859196e-01   4.2232258e-01  -5.1890846e-01  -7.1956166e-01   4.6364082e-01
   2.0000000e+00  -1.0989602e+00  -4.1995217e-01   1.4672218e+00  -6.5786519e-01   2.1118665e+00  -8.4017179e-01  -3.6035991e-01  -1.5708356e+00  -4.3423208e-01  -7.0015459e-02
   2.0000000e+00  -1.4489628e+00  -2.8753308e-01  -4.1166126e-01   6.3423648e-02  -2.9453497e-01  -1.0391886e-01   2.9387828e-01   3.3582918e-01   4.4197384e-01  -2.3021079e+00
   2.0000000e+00   6.6723773e-01   4.6128490e-01  -3.6738147e-01   5.5890091e-01  -3.6150192e-01   7.7017950e-02  -9.8895128e-01   8.7362527e-01   2.4183901e+00  -1.0709768e+00
   2.0000000e+00   1.3474189e-01  -2.1829115e-01  -1.5802046e-01   4.0155858e-01  -3.6853353e-01   8.2889369e-01  -7.5764485e-03  -7.8616069e-01   5.0871032e-01   1.6610336e+00
   2.0000000e+00  -9.4007728e-02  -6.3166511e-01   9.4672278e-01   4.0645884e-02  -9.9772109e-01  -5.9253252e-01   1.3983051e+00  -7.1512146e-01   9.6724970e-01   5.3722590e-01
   2.0000000e+00   1.6991626e+00  -1.3654889e+00   2.1997511e+00   5.2872681e-03  -8.8985009e-01   1.3893775e+00  -1.5763533e+00  -3.1754317e-01  -8.1606494e-01  -1.8685093e+00
   1.0000000e+00  -2.1422845e-01   6.2560714e-01   4.5595932e-01  -3.3293271e-01   2.1868138e-01   6.9135829e-01   7.5398532e-01   9.3305112e-01   5.2747874e-02  -9.4918488e-01
   2.0000000e+00  -1.9263090e+00  -1.1398095e-01  -3.5140894e-01   5.8596074e-01   1.0732659e+00  -8.5646456e-01  -1.1629029e+00   1.1071744e+00  -5.7463063e-01   4.1440875e-02
   2.0000000e+00  -1.4126473e+00  -5.2256216e-01  -6.3040681e-01   8.7145624e-01   3.5143114e-01  -1.6266372e+00   1.2234374e+00   1.6307942e-01  -1.2334733e+00   4.5827334e-01
   2.0000000e+00  -1.0933048e+00  -4.2938890e-01   6.0712423e-01  -1.6650302e+00  -3.8201516e-01   2.4916446e-01   5.5514001e-01   5.8701360e-01   2.3138225e-01   5.3533953e-01
   2.0000000e+00   5.1394816e-01  -2.3143968e-01  -1.4165818e-02  -5.7786696e-01   1.5375335e+00  -1.1965687e+00  -7.5029197e-01   2.1348763e+00  -1.2904090e-01   7.6507730e-01
   2.0000000e+00   1.6638971e+00  -1.4014995e+00   1.1150904e+00  -2.1239937e+00   5.2018825e-01   2.9755644e-01   7.1873926e-01   5.2922636e-01  -6.7749786e-01   1.2047698e+00
   2.0000000e+00  -1.2612945e+00  -1.1355938e+00  -1.3191311e+00  -4.1229856e-01   6.8820636e-01   2.0502957e+00  -7.3109218e-02  -3.9738894e-01   1.0936010e+00  -1.0726467e+00
   2.0000000e+00   2.2597957e+00   5.0268815e-01  -5.8499139e-01  -3.1069375e-01   1.5141711e+00   3.2499469e-01   1.0131803e+00  -7.1059296e-01  -2.5423550e-01   1.8577000e+00
   2.0000000e+00  -4.1991101e-01  -1.0907928e+00  -2.0100724e+00  -9.4734585e-01   1.7372692e+00   5.7564550e-01  -1.2567761e+00  -1.5198524e-03  -3.1283155e-01   3.4168686e-01
   2.0000000e+00  -8.4275272e-01   1.9981634e-01  -1.6428307e-01   5.2092336e-01  -7.0995069e-01  -7.2599368e-01   1.9858767e+00  -2.9907536e-01   1.1464694e+00   1.2870089e+00
   2.0000000e+00   1.4479293e-01   1.4766401e+00  -3.1830418e-02  -1.8148442e+00   2.5368200e-01   7.7798952e-01   2.0762206e+00  -1.1267098e+00  -3.4997306e-01  -1.5419712e+00
   2.0000000e+00   1.9279957e+00  -2.5716469e-01   6.3747410e-01  -7.2103211e-01   2.9408832e-01   5.3868119e-01   1.2116765e+00   4.5643033e-01  -9.5112841e-02   1.2361899e+00
   2.0000000e+00   2.1241823e-01  -2.7029793e-01  -7.4940168e-01  -2.6092624e+00  -9.6144626e-01   4.1976818e-01  -8.3271571e-03  -1.1920114e+00  -4.8927926e-02   8.0606601e-02
   2.0000000e+00  -1.2499614e+00   2.0872580e+00  -1.9437889e-01  -2.2650337e+00  -6.0539801e-01   1.1185407e+00   2.9717248e-01  -1.9958750e-01  -1.5913557e+00  -3.1335804e-01
   2.0000000e+00   9.5595734e-01  -1.1813218e-01  -4.7389599e-03  -1.6127181e+00  -6.0485072e-01   1.4521835e+00   1.4678406e+00   9.1487850e-01  -8.8467013e-01   1.1729931e+00
   2.0000000e+00   1.0628040e+00   1.4225889e+00  -3.7479818e-01   5.5095788e-01  -9.7540517e-01  -5.2593592e-01   1.7081649e+00   3.0669536e-01   1.4251540e+00   7.1711642e-01
   1.0000000e+00   1.8617530e-01   1.4316924e+00   2.1487561e-01  -1.4409906e-01  -1.2775108e+00  -3.2094290e-01  -5.2617890e-01  -5.2532611e-01  -1.1150648e+00   1.3878428e+00
   1.0000000e+00  -5.6400613e-01  -1.1916061e+00   6.3459629e-01  -2.6730918e-01   1.6702314e-02  -4.7221565e-01   2.2840218e-01   1.8579965e+00  -2.3829602e+00   1.7498794e+00
   2.0000000e+00   7.7927410e-01   1.9648937e+00   6.1668117e-01  -2.0997959e+00   5.5790270e-02   8.9781241e-02  -9.2840007e-04  -3.4913703e-01   3.0858193e-01   2.0838572e-01
   2.0000000e+00  -1.9179972e+00   1.6713994e+00  -2.9658871e-01  -1.3426407e-01  -1.4488509e+00  -4.2344308e-01   2.3128393e+00  -5.8326902e-01  -9.7709865e-01  -2.1882418e-01
   1.0000000e+00   1.3956919e+00  -1.3324090e+00   2.0461109e-01   8.0537891e-01  -1.1722627e+00   9.5025256e-02  -4.7241766e-01  -7.3348051e-01  -6.5658767e-01  -6.8204032e-01
   2.0000000e+00   8.6568432e-01   6.6393729e-02  -1.4380936e+00   2.7366878e-01   2.3265572e+00  -1.0827128e+00   6.0338224e-01  -1.2350713e+00   1.0497066e+00   5.7604796e-01
   2.0000000e+00  -1.2691394e+00  -1.4195953e+00   2.0807561e+00  -2.8152744e-01   1.1617299e+00   2.9196200e-01   1.1511607e+00  -1.0352114e+00   9.8221213e-01   4.1359436e-01
   2.0000000e+00  -1.2558916e+00   9.0549304e-01   4.6740847e-01   8.0660498e-01   1.0488630e+00  -2.0188014e-01   1.6233411e-01   2.3574182e-01   2.9520978e-01   9.4350304e-01
   2.0000000e+00  -6.5170254e-01  -1.2823223e+00  -6.8745400e-02  -8.2481295e-01   6.7843013e-01   1.5162642e-01   4.0310192e-01  -5.9224939e-01  -3.5460847e-01   9.9560675e-02
   2.0000000e+00   6.3098799e-01   1.4099017e-01   7.0077110e-01   1.8401780e+00  -1.3374533e+00   4.9519966e-01  -1.7289951e-01  -6.4245884e-01   9.1424873e-01   1.0818954e+00
   2.0000000e+00   1.0875897e+00   1.3017684e+00   1.1928786e+00   5.6845115e-01  -3.7658873e-01   6.4213180e-01  -9.0776007e-01  -1.5497140e+00   3.7359336e-01   1.9988422e+00
   2.0000000e+00  -8.8397622e-01   4.6689158e-01   1.7325701e+00  -2.1352688e-01  -2.5750949e-02  -1.4956578e+00  -7.2443104e-01   1.5042707e+00   2.0130724e-01  -7.0287136e-01
   2.0000000e+00  -1.2914937e-01   1.3322551e+00  -3.6669459e-01  -1.9796991e+00   1.8622217e+00   1.1617838e+00  -1.0809490e+00  -1.2330111e+00  -1.4360186e+00   2.0256848e-01
   2.0000000e+00   8.8711350e-01  -1.0270783e-01   9.1490180e-01   3.8725935e-01  -4.2820846e-01  -9.4579111e-01  -1.2168150e-01  -2.1596191e+00  -6.8891548e-01  -5.8455031e-01
   2.0000000e+00  -2.8103032e+00  -1.8011498e+00   1.1731758e+00  -3.8830061e-01  -1.6113585e+00  -1.5491395e-01   2.4435133e+00   9.2114725e-02   1.3995010e+00   1.1718337e+00
   2.0000000e+00  -5.4328036e-01   3.7510378e-01   9.9883426e-01  -1.8879998e+00   7.8315475e-01  -9.7382030e-01   1.3939926e+00   8.0083143e-02   6.2692585e-01   6.3995731e-01
   2.0000000e+00   1.1801252e-01  -4.6408807e-01  -1.9271217e-01   5.0651053e-01  -8.2051015e-01  -9.1734763e-01  -1.6614304e+00  -1.0799294e+00   1.2017065e-01   2.7725902e+00
   2.0000000e+00   6.1895422e-01   1.3628632e+00   7.5855431e-01  -9.1180575e-01  -9.5097880e-01   1.5254035e-01   9.2457642e-01  -1.0703033e-03   1.1006247e+00  -1.6796729e-01
   2.0000000e+00   6.3857972e-01   5.7750506e-01  -9.8803565e-01  -1.1419783e+00  -2.9136275e-01  -1.1715458e+00   1.3895432e+00   1.1139052e-01   3.7412555e-01   6.9296924e-01
   1.0000000e+00   1.0389460e+00   9.6185087e-01   3.9619882e-01  -2.8234526e-01  -1.4006578e+00  -1.7891195e+00   2.5422591e-01   3.2146922e-01   2.1107188e+00   1.6070180e-01
   2.0000000e+00   1.0827252e+00  -5.1819592e-01   5.3994940e-01  -9.8972471e-01  -5.9807907e-02  -1.8778929e+00  -6.6307193e-01   1.3983079e+00  -6.2565905e-02   1.0118431e+00
   2.0000000e+00   1.6819032e+00   4.6971829e-01  -9.4653403e-01   1.3090325e+00   3.4108186e-01  -5.5407504e-01  -1.7188885e+00   9.6621698e-01  -2.0539246e+00  -6.0379684e-01
   2.0000000e+00   1.8174777e+00  -4.2438738e-01  -9.4895568e-01  -4.3498945e-01   4.1176050e-02   6.2321278e-01   5.6234770e-01  -5.5423320e-01  -3.6414387e-01  -2.5745566e-01
   2.0000000e+00   1.5598585e-01   1.6330277e+00   7.7317416e-01  -4.7246736e-01   6.7597346e-01  -8.0501969e-01  -7.6003251e-02   1.9708509e-01  -1.2365524e-02   5.8691710e-01
   2.0000000e+00  -9.6159888e-01  -7.8507784e-01   7.2489037e-01  -2.0257936e+00  -1.7918199e+00   8.8767246e-01  -4.4538539e-01   4.3325416e-01  -6.5023189e-02   3.0796042e-01
   2.0000000e+00  -6.8811623e-01  -9.6179129e-01  -1.2650530e+00   8.8737893e-01   1.2729959e+00   3.6394871e-01  -1.5925385e+00  -5.2391635e-01   1.1438035e+00   2.5005797e+00
   2.0000000e+00   5.6510386e-01   1.5642637e+00   1.3261794e+00   4.6359438e-01   7.8079104e-01   2.5758894e-01   1.4710282e-02   4.9815250e-01  -7.8122830e-02   1.9125446e+00
   2.0000000e+00  -7.2695124e-02   7.5771724e-01  -2.1128404e+00  -3.3882487e-01   7.9946609e-01   2.4828426e-01  -3.8817319e-01  -9.0183598e-02   1.3878508e+00   1.1717404e+00
   2.0000000e+00   2.4119826e-01   2.1129524e+00   1.5453163e+00  -4.6067441e-01  -7.7230212e-01   2.8157282e+00   1.1883776e-01   1.5222999e-01  -1.3458035e-01  -2.3231713e-01
   1.0000000e+00   1.7831386e+00   1.3469861e-01   6.5974086e-02   2.3332742e-01   7.8518247e-01  -3.8529439e-01   3.2826870e-01   1.0986902e+00   1.2652949e+00   4.6162463e-01
   2.0000000e+00  -4.2144537e-01   1.1805509e-02   8.9772858e-01  -4.6954819e-01  -8.2464327e-01   2.6308641e-01  -9.4137837e-01  -2.0226729e+00   2.3553552e+00   5.8058461e-01
   2.0000000e+00  -1.6779347e-01  -9.3338686e-01  -1.1349917e+00   1.9009205e-01  -2.8437825e+00  -2.4440985e+00  -1.2945913e+00  -3.7059005e-01  -6.7128843e-02   1.9693514e+00
   2.0000000e+00   1.1675979e-01  -1.0828161e+00  -7.2077109e-01   4.5589157e-01   4.9376005e-01   1.2388179e-01  -1.7389193e+00  -7.9221007e-01  -2.3095851e-01  -9.2866075e-01
   2.0000000e+00  -2.1521759e-01   1.0511312e-01  -3.4526977e-01  -1.3744366e+00  -3.8921164e-01  -8.9302653e-01   4.4530660e-01   1.9714009e-01  -2.3028270e+00   3.7673634e-01
   2.0000000e+00   1.2427678e+00   1.6098052e-01   1.4644227e+00  -2.3928321e+00  -3.8186938e-01   8.5148153e-02  -1.3913626e+00   7.6526141e-01   3.8943665e-02   1.4298505e+00
   2.0000000e+00   2.3727721e+00  -1.1760893e+00  -5.3459556e-01   5.7129269e-01  -6.2507842e-01   2.3135356e-01   8.9120858e-01  -1.0130781e+00   1.9463016e+00  -8.4132737e-01
   2.0000000e+00  -4.4807708e-01   6.5613001e-01  -9.7820805e-01   6.0770582e-02  -1.3591525e-01  -2.5365058e+00   5.5647283e-01  -2.5974154e-01  -5.6204545e-01  -1.7927441e+00
   2.0000000e+00  -1.1168205e+00  -5.1382470e-01   6.6481751e-01   1.0571300e+00   1.9130687e+00  -1.2565590e-01  -1.0803491e+00  -4.3361313e-01  -7.1499989e-01  -1.5880331e-01
   2.0000000e+00   3.2234348e-01   3.9652827e-03   3.0254030e-01  -2.0053242e+00  -8.0780337e-01   8.2708263e-01  -1.4734460e+00   1.7653599e+00  -1.1079971e+00   2.9816058e-01
   2.0000000e+00  -6.3944043e-01   7.2904132e-01   1.8911326e+00   1.1961648e-01  -1.8964009e-01   1.6422206e+00  -4.9246965e-02  -3.2701144e-02  -5.2154620e-01   7.4952719e-01
   2.0000000e+00  -1.0699589e+00   1.5595073e+00  -6.3632231e-01  -1.4123447e+00   5.5250505e-01   6.1221557e-01  -4.3670809e-02  -1.9430366e+00  -6.7040834e-02   8.7893643e-01
   2.0000000e+00  -1.2008926e+00   1.7387519e+00  -1.7523158e+00  -8.2381345e-01  -9.2146607e-01  -1.6021427e+00  -4.6158182e-01  -8.4118709e-01  -4.6281050e-01   1.6940445e+00
   2.0000000e+00  -9.7201206e-01  -7.4466112e-01   1.3064693e+00  -2.7583918e-01   9.1353496e-01   5.9866535e-02  -1.4653910e+00  -3.9621420e-01  -2.3808257e-01  -9.6963854e-01
   2.0000000e+00  -5.4677752e-02   1.3565661e+00  -1.2337906e-01  -1.6473527e+00  -4.1566006e-01  -9.2873484e-01   1.7220085e+00  -6.6731982e-01   4.0603833e-01   8.9418832e-02
   2.0000000e+00  -5.3786810e-01  -1.6379187e+00  -6.1231193e-01  -2.9357536e-01  -9.7356987e-01   6.3631002e-01   4.0565435e-01   5.2064077e-01  -5.6494069e-01   7.1341858e-01
   2.0000000e+00  -1.2480927e+00   1.5508654e+00  -1.4687857e+00  -1.0746107e+00  -1.8958207e+00  -7.6418765e-01  -1.8337389e+00  -1.7222035e+00   4.3155027e-01  -9.7212759e-01
   2.0000000e+00  -1.5282837e-01   1.1660284e-01   9.5338785e-01   5.9249673e-01   1.2630467e+00   4.4399372e-01  -4.4641311e-01   1.2823529e+00  -9.7121842e-01   2.1774442e-01
   2.0000000e+00   3.5258899e-01  -1.1805405e+00   2.4795351e+00  -6.9565054e-01  -1.1345102e-01   1.3235886e-01   1.8382754e+00  -2.0691477e-01   1.4944572e+00   4.8678477e-01
   2.0000000e+00   8.6136715e-01  -9.1638118e-01   1.6642313e+00  -2.7288684e-01  -8.9726568e-01   6.0003931e-01   1.9252558e+00   2.1566603e+00  -4.2507965e-01   5.4565162e-01
   2.0000000e+00  -1.1417232e+00  -1.2275332e+00  -3.2015000e-01  -2.7119164e-01   6.3826618e-01   8.7138668e-01  -4.1224770e-01   1.8148423e+00  -1.0483830e+00   7.3621060e-01
   2.0000000e+00   1.5131255e+00  -1.9329997e+00  -2.0690874e+00  -1.0284348e+00   8.3565579e-01   1.6328673e+00   1.9617403e-01   6.3675711e-01  -6.7020755e-01  -1.3622068e-01
   2.0000000e+00  -1.2062163e+00  -4.0362188e-02   1.4000724e+00  -3.4217957e-01   3.7594109e-01  -1.1092738e+00   9.2784096e-01  -1.3572800e+00   2.8680859e-01   6.5570261e-01
   2.0000000e+00   1.3185324e-01  -8.4727599e-01   8.6173149e-01   7.8271983e-01  -1.5745917e+00   1.2963916e+00  -1.0767422e+00   7.2866777e-01   4.1517619e-01   6.2352227e-01
   2.0000000e+00   1.1599265e+00  -4.1922345e-01   9.6679443e-01   8.7589141e-01  -7.7610779e-01   7.3630206e-01   1.4061743e-01   1.9418311e+00  -9.0610590e-01   4.6295577e-01
   2.0000000e+00   1.1706594e+00  -1.0507244e+00  -1.3900780e+00  -1.1199085e-01  -1.5493044e+00  -2.0587561e-01  -4.9697240e-02  -8.3776521e-01  -1.3398732e+00   2.4523418e-01
   2.0000000e+00  -1.3390311e+00   7.5936154e-01  -8.3304937e-01   2.0864741e+00  -8.4343429e-01  -1.3216389e-01  -1.2792154e+00   3.1092947e-02   4.0434184e-01  -5.3289539e-01
   2.0000000e+00   1.2049901e+00   1.6584838e+00  -1.5154865e+00   6.9119333e-01   4.3337504e-01  -7.7853963e-01   1.6402737e-01  -4.2496861e-01   1.3780194e+00  -2.6185743e-01
   2.0000000e+00   6.8155046e-01  -5.1070439e-01   5.0365352e-01   2.0503569e+00  -1.2268351e+00   7.3900632e-01  -1.1130309e-01   2.7215031e+00  -4.1368417e-01  -1.7473773e+00
   2.0000000e+00  -1.7457636e+00  -1.3225261e+00   1.1248700e+00   8.1164475e-01   1.2572450e-02   1.3899171e-01  -1.6767554e-01   2.0482332e-01  -6.4337317e-01  -2.8974864e-01
   2.0000000e+00  -1.8739815e+00  -1.9005421e+00   1.0066868e-01   9.5026186e-01  -6.1662418e-01  -1.5134993e+00   3.3506356e-01   7.4211859e-02   4.1794696e-01  -1.9477425e+00
